1403715274.262143 0.00000 0.00000 0.00000 0.00658 -0.82943 0.00000 0.55858
1403715274.312143 0.00002 -0.00001 0.00004 0.00660 -0.82952 -0.00004 0.55843
1403715274.362143 0.00014 0.00015 0.00012 0.00660 -0.82949 -0.00020 0.55848
1403715274.412143 0.00025 0.00041 0.00020 0.00659 -0.82955 -0.00040 0.55840
1403715274.462143 0.00034 0.00069 0.00026 0.00651 -0.82952 -0.00038 0.55844
1403715274.512143 0.00042 0.00103 0.00031 0.00699 -0.82949 -0.00049 0.55847
1403715274.562143 0.00053 0.00140 0.00033 0.00699 -0.82953 -0.00027 0.55842
1403715274.612143 0.00067 0.00187 0.00034 0.00729 -0.82949 -0.00020 0.55847
1403715274.662143 0.00078 0.00246 0.00033 0.00746 -0.82945 -0.00046 0.55853
1403715274.712143 0.00279 -0.00157 -0.00025 0.00773 -0.82951 -0.00084 0.55844
1403715274.762143 0.00306 -0.00156 -0.00038 0.00780 -0.82957 -0.00111 0.55835
1403715274.812143 0.00235 -0.00161 -0.00076 0.00727 -0.82949 -0.00162 0.55847
1403715274.862143 0.00259 -0.00158 -0.00087 0.00728 -0.82945 -0.00175 0.55853
1403715274.912143 0.00403 -0.00199 -0.00087 0.00725 -0.82937 -0.00144 0.55864
1403715274.962143 0.00434 -0.00198 -0.00098 0.00723 -0.82940 -0.00142 0.55861
1403715275.012143 0.00470 -0.00198 -0.00104 0.00723 -0.82941 -0.00152 0.55860
1403715275.062143 0.00511 -0.00201 -0.00112 0.00730 -0.82939 -0.00158 0.55862
1403715275.112143 0.00546 -0.00197 -0.00121 0.00731 -0.82941 -0.00161 0.55860
1403715275.162143 0.00584 -0.00189 -0.00127 0.00735 -0.82943 -0.00175 0.55856
1403715275.212143 0.00524 -0.00525 -0.00181 0.00814 -0.82955 -0.00294 0.55837
1403715275.262143 0.00546 -0.00583 -0.00190 0.00816 -0.82958 -0.00301 0.55832
1403715275.312143 0.00456 -0.00659 -0.00116 0.00818 -0.82964 -0.00328 0.55823
1403715275.362143 0.00468 -0.00736 -0.00117 0.00829 -0.82967 -0.00345 0.55818
1403715275.412143 0.00501 -0.00741 -0.00098 0.00806 -0.82965 -0.00336 0.55822
1403715275.462143 0.00513 -0.00817 -0.00095 0.00812 -0.82963 -0.00355 0.55824
1403715275.512143 0.00642 -0.00835 -0.00185 0.00839 -0.82928 -0.00325 0.55877
1403715275.562143 0.00680 -0.00922 -0.00194 0.00841 -0.82926 -0.00337 0.55879
1403715275.612143 0.00604 -0.00664 -0.00129 0.00815 -0.82941 -0.00277 0.55858
1403715275.662143 0.00634 -0.00723 -0.00138 0.00820 -0.82941 -0.00282 0.55857
1403715275.712143 0.00615 -0.00923 -0.00171 0.00820 -0.82948 -0.00319 0.55846
1403715275.762143 0.00638 -0.01009 -0.00184 0.00825 -0.82949 -0.00327 0.55846
1403715275.812143 0.00652 -0.00803 -0.00111 0.00799 -0.82953 -0.00277 0.55840
1403715275.862143 0.00673 -0.00861 -0.00111 0.00802 -0.82941 -0.00287 0.55857
1403715275.912143 0.00697 -0.00842 -0.00131 0.00788 -0.82937 -0.00284 0.55863
1403715275.962143 0.00725 -0.00904 -0.00115 0.00796 -0.82904 -0.00293 0.55912
1403715276.012143 0.00652 -0.01004 -0.00143 0.00726 -0.82899 -0.00347 0.55920
1403715276.062143 -0.01003 -0.00523 0.00060 0.00613 -0.82923 -0.00339 0.55886
1403715276.112143 -0.00915 -0.00474 0.00022 0.00611 -0.82931 -0.00334 0.55875
1403715276.162143 -0.00960 -0.00500 -0.00003 0.00600 -0.82923 -0.00333 0.55887
1403715276.212143 -0.00838 -0.00731 -0.00052 0.00601 -0.82924 -0.00386 0.55884
1403715276.262143 -0.00877 -0.00779 -0.00074 0.00593 -0.82927 -0.00393 0.55880
1403715276.312143 -0.00815 -0.00630 -0.00080 0.00590 -0.82923 -0.00366 0.55886
1403715276.362143 -0.00844 -0.00671 -0.00089 0.00590 -0.82925 -0.00376 0.55883
1403715276.412143 -0.00758 -0.00789 -0.00117 0.00579 -0.82925 -0.00390 0.55883
1403715276.462143 -0.00778 -0.00850 -0.00124 0.00579 -0.82921 -0.00408 0.55889
1403715276.512143 -0.00692 -0.00871 -0.00127 0.00572 -0.82890 -0.00393 0.55935
1403715276.562143 -0.00704 -0.00931 -0.00120 0.00570 -0.82899 -0.00405 0.55922
1403715276.612143 -0.00729 -0.00823 -0.00133 0.00549 -0.82910 -0.00390 0.55905
1403715276.662143 -0.00749 -0.00876 -0.00160 0.00541 -0.82911 -0.00396 0.55904
1403715276.712143 -0.00760 -0.00923 -0.00161 0.00552 -0.82900 -0.00407 0.55921
1403715276.762143 -0.00774 -0.00982 -0.00169 0.00545 -0.82888 -0.00398 0.55939
1403715276.812143 -0.01242 0.01011 -0.00010 0.00724 -0.82910 -0.00204 0.55906
1403715276.862143 -0.01302 0.01028 -0.00020 0.00724 -0.82911 -0.00209 0.55903
1403715276.912143 -0.01361 0.01008 -0.00040 0.00724 -0.82893 -0.00203 0.55930
1403715276.962143 -0.01477 0.01051 -0.00027 0.00767 -0.82898 -0.00156 0.55922
1403715277.012143 -0.01503 0.01090 -0.00038 0.00750 -0.82882 -0.00134 0.55947
1403715277.062143 -0.01582 0.01131 -0.00069 0.00749 -0.82897 -0.00140 0.55924
1403715277.112143 -0.01579 0.01158 -0.00098 0.00767 -0.82885 -0.00148 0.55941
1403715277.162143 -0.01637 0.01189 -0.00136 0.00772 -0.82890 -0.00147 0.55934
1403715277.212143 -0.01578 0.01239 -0.00134 0.00753 -0.82885 -0.00122 0.55942
1403715277.262143 -0.01533 0.01286 -0.00181 0.00760 -0.82897 -0.00150 0.55924
1403715277.312143 -0.01550 0.01208 -0.00195 0.00761 -0.82907 -0.00158 0.55910
1403715277.362143 -0.01482 0.01233 -0.00242 0.00782 -0.82921 -0.00184 0.55889
1403715277.412143 -0.01549 0.01250 -0.00181 0.00782 -0.82910 -0.00181 0.55905
1403715277.462143 -0.01505 0.01286 -0.00239 0.00775 -0.82913 -0.00166 0.55900
1403715277.512143 -0.01699 0.01284 -0.00130 0.00778 -0.82928 -0.00173 0.55878
1403715277.562143 -0.01737 0.01317 -0.00133 0.00803 -0.82906 -0.00193 0.55910
1403715277.612143 -0.01648 0.01285 -0.00220 0.00806 -0.82914 -0.00184 0.55898
1403715277.662143 -0.01696 0.01307 -0.00259 0.00796 -0.82908 -0.00176 0.55906
1403715277.712143 -0.01416 0.00993 -0.00113 0.00855 -0.82893 -0.00176 0.55929
1403715277.762143 -0.01425 0.00978 -0.00126 0.00851 -0.82889 -0.00169 0.55935
1403715277.812143 -0.01487 0.01030 -0.00113 0.00882 -0.82893 -0.00195 0.55928
1403715277.862143 -0.01502 0.01050 -0.00153 0.00840 -0.82920 -0.00159 0.55889
1403715277.912143 -0.01527 0.01051 -0.00106 0.00882 -0.82911 -0.00208 0.55901
1403715277.962143 -0.01560 0.01055 -0.00098 0.00875 -0.82892 -0.00187 0.55930
1403715278.012143 -0.01511 0.01017 -0.00127 0.00868 -0.82912 -0.00173 0.55899
1403715278.062143 -0.01561 0.00992 -0.00141 0.00897 -0.82900 -0.00201 0.55917
1403715278.112143 -0.01493 0.01066 -0.00139 0.00891 -0.82869 -0.00199 0.55963
1403715278.162143 -0.01545 0.01025 -0.00125 0.00876 -0.82904 -0.00165 0.55911
1403715278.212143 -0.00621 -0.00082 -0.00163 0.00864 -0.82866 -0.00193 0.55968
1403715278.262143 -0.00594 -0.00157 -0.00154 0.00876 -0.82842 -0.00253 0.56004
1403715278.312143 -0.00587 -0.00202 -0.00040 0.00807 -0.82825 -0.00290 0.56029
1403715278.362143 -0.00568 -0.00261 0.00096 0.00738 -0.82780 -0.00384 0.56095
1403715278.412143 -0.00262 -0.00560 0.00684 0.00682 -0.82747 -0.00453 0.56145
1403715278.462143 -0.00395 -0.00674 0.00867 0.00576 -0.82645 -0.00426 0.56297
1403715278.512143 -0.00654 -0.00833 0.00998 0.00478 -0.82514 -0.00435 0.56490
1403715278.562143 -0.01044 -0.01058 0.01403 0.00349 -0.82215 -0.00387 0.56924
1403715278.612143 -0.01508 -0.01194 0.01925 0.00225 -0.81928 -0.00299 0.57339
1403715278.662143 -0.02143 -0.01516 0.02771 0.00259 -0.81815 -0.00415 0.57499
1403715278.712143 -0.02855 -0.01777 0.03895 0.00087 -0.81663 -0.00222 0.57716
1403715278.762143 -0.03680 -0.02200 0.05356 -0.00023 -0.81419 -0.00079 0.58060
1403715278.812143 -0.04549 -0.02091 0.06205 -0.00165 -0.81253 0.00071 0.58292
1403715278.862143 -0.05438 -0.02490 0.08078 -0.00221 -0.81046 0.00198 0.58579
1403715278.912143 -0.06182 -0.02647 0.09968 -0.00218 -0.80990 0.00244 0.58656
1403715278.962143 -0.06958 -0.03012 0.11839 -0.00191 -0.80925 0.00206 0.58746
1403715279.012143 -0.07385 -0.02590 0.13194 -0.00101 -0.80900 0.00185 0.58781
1403715279.062143 -0.08291 -0.02258 0.13569 -0.00229 -0.80879 0.00242 0.58809
1403715279.112143 -0.08889 -0.02440 0.13933 -0.00209 -0.80872 0.00208 0.58818
1403715279.162143 -0.09430 -0.02609 0.13809 -0.00127 -0.80900 0.00131 0.58780
1403715279.212143 -0.09908 -0.02745 0.13374 -0.00078 -0.80950 0.00071 0.58712
1403715279.262143 -0.10373 -0.02890 0.12856 -0.00031 -0.80999 0.00062 0.58645
1403715279.312143 -0.10799 -0.02986 0.12385 -0.00036 -0.81077 0.00072 0.58537
1403715279.362143 -0.11148 -0.03116 0.11992 -0.00079 -0.81145 0.00128 0.58441
1403715279.412143 -0.11479 -0.03184 0.11758 -0.00131 -0.81158 0.00238 0.58424
1403715279.462143 -0.11739 -0.03266 0.11596 -0.00131 -0.81239 0.00266 0.58311
1403715279.512143 -0.12073 -0.03364 0.11679 -0.00146 -0.81272 0.00317 0.58264
1403715279.562143 -0.12290 -0.03434 0.11793 -0.00098 -0.81251 0.00257 0.58294
1403715279.612143 -0.12462 -0.03500 0.11949 -0.00089 -0.81301 0.00236 0.58224
1403715279.662143 -0.12583 -0.03531 0.12233 -0.00070 -0.81321 0.00239 0.58196
1403715279.712143 -0.12793 -0.03551 0.12631 -0.00070 -0.81307 0.00242 0.58215
1403715279.762143 -0.12873 -0.03556 0.13081 -0.00082 -0.81326 0.00252 0.58190
1403715279.812143 -0.13062 -0.03555 0.13723 -0.00121 -0.81345 0.00291 0.58162
1403715279.862143 -0.13041 -0.03505 0.14300 -0.00111 -0.81377 0.00291 0.58118
1403715279.912143 -0.13225 -0.03515 0.15072 -0.00108 -0.81429 0.00270 0.58045
1403715279.962143 -0.13179 -0.03453 0.15726 -0.00091 -0.81596 0.00232 0.57810
1403715280.012143 -0.13328 -0.03389 0.16457 -0.00106 -0.81956 0.00227 0.57299
1403715280.062143 -0.13295 -0.03309 0.17019 -0.00106 -0.82375 0.00216 0.56694
1403715280.112143 -0.13414 -0.03180 0.17637 0.00085 -0.82761 -0.00082 0.56130
1403715280.162143 -0.13522 -0.03070 0.18281 0.00282 -0.82966 -0.00324 0.55825
1403715280.212143 -0.13963 -0.02878 0.19127 0.00581 -0.83035 -0.00738 0.55716
1403715280.262143 -0.14272 -0.02812 0.19894 0.00857 -0.82971 -0.01110 0.55802
1403715280.312143 -0.15033 -0.02777 0.20756 0.01073 -0.82888 -0.01390 0.55915
1403715280.362143 -0.15530 -0.02863 0.21548 0.01199 -0.82730 -0.01628 0.56140
1403715280.412143 -0.16577 -0.03016 0.22518 0.01225 -0.82569 -0.01893 0.56367
1403715280.462143 -0.17252 -0.03226 0.23254 0.00881 -0.82491 -0.01873 0.56488
1403715280.512143 -0.18443 -0.03553 0.24318 0.00212 -0.82378 -0.01769 0.56664
1403715280.562143 -0.19742 -0.03535 0.25320 -0.00545 -0.82274 -0.01752 0.56812
1403715280.612143 -0.20659 -0.03852 0.25799 -0.01438 -0.82135 -0.01888 0.56993
1403715280.662143 -0.21538 -0.04127 0.26422 -0.02375 -0.82019 -0.02286 0.57114
1403715280.712143 -0.22729 -0.03684 0.23683 -0.03499 -0.81880 -0.02734 0.57236
1403715280.762143 -0.24317 -0.03806 0.24770 -0.04533 -0.81801 -0.03319 0.57246
1403715280.812143 -0.25292 -0.04038 0.25150 -0.05628 -0.81749 -0.03935 0.57184
1403715280.862143 -0.25741 -0.04601 0.25987 -0.06696 -0.81596 -0.04608 0.57236
1403715280.912143 -0.26613 -0.04928 0.26308 -0.07660 -0.81493 -0.05258 0.57207
1403715280.962143 -0.27507 -0.05188 0.26602 -0.08479 -0.81368 -0.05813 0.57215
1403715281.012143 -0.22391 -0.08062 0.29842 -0.09083 -0.81149 -0.06150 0.57398
1403715281.062143 -0.22940 -0.08500 0.30236 -0.09674 -0.81098 -0.06629 0.57320
1403715281.112143 -0.23761 -0.08941 0.30774 -0.10189 -0.81025 -0.06996 0.57290
1403715281.162143 -0.24351 -0.09417 0.31160 -0.10594 -0.80936 -0.07338 0.57300
1403715281.212143 -0.24953 -0.09890 0.31531 -0.10995 -0.80881 -0.07634 0.57263
1403715281.262143 -0.25553 -0.10341 0.31872 -0.11471 -0.80843 -0.07910 0.57186
1403715281.312143 -0.26698 -0.10777 0.32415 -0.11982 -0.80844 -0.08255 0.57031
1403715281.362143 -0.27312 -0.11078 0.32672 -0.12574 -0.80807 -0.08620 0.56902
1403715281.412143 -0.28755 -0.11448 0.33236 -0.13179 -0.80810 -0.09068 0.56691
1403715281.462143 -0.29885 -0.11631 0.33675 -0.13884 -0.80712 -0.09622 0.56571
1403715281.512143 -0.31861 -0.11779 0.34180 -0.14674 -0.80614 -0.10227 0.56404
1403715281.562143 -0.32638 -0.12024 0.34259 -0.15559 -0.80477 -0.10956 0.56226
1403715281.612143 -0.33954 -0.11941 0.34364 -0.16562 -0.80293 -0.11680 0.56056
1403715281.662143 -0.35433 -0.11399 0.34588 -0.17671 -0.80080 -0.12410 0.55865
